150 is 3 1
155 is 3 1
167 is 3 1
176 is 3 1
180 is 3 1
185 is 3 1
184 is 3 1
188 is 3 1
192 is 3 1
202 is 3 1
199 is 3 1
204 is 3 1
206 is 3 1
210 is 3 1
213 is 3 1
214 is 3 1
245 is 3 1
225 is 3 1
227 is 3 1
230 is 3 1
231 is 3 1
232 is 3 1
234 is 3 1
236 is 3 1
237 is 3 1
239 is 3 1
241 is 3 1
156 is 6 1
157 is 6 1
163 is 6 1
164 is 6 1
162 is 6 1
177 is 6 1
181 is 6 1
183 is 6 1
186 is 6 1
190 is 6 1
195 is 6 1
196 is 6 1
197 is 6 1
198 is 6 1
193 is 6 1
200 is 6 1
207 is 6 1
209 is 6 1
211 is 6 1
218 is 6 1
220 is 6 1
226 is 6 1
224 is 6 1
223 is 6 1
235 is 6 1
240 is 6 1
243 is 6 1
142 is 9 1
144 is 9 1
153 is 9 1
148 is 9 1
160 is 9 1
165 is 9 1
168 is 9 1
170 is 9 1
174 is 9 1
175 is 9 1
178 is 9 1
182 is 9 1
189 is 9 1
216 is 9 1
215 is 9 1
242 is 9 1
250 is 9 1
251 is 9 1
127 is 12 1
128 is 12 1
147 is 12 1
146 is 12 1
159 is 12 1
169 is 12 1
171 is 12 1
249 is 12 1
141 is 13 1
130 is 15 1
135 is 15 1
140 is 15 1
137 is 15 1
139 is 15 1
152 is 15 1
154 is 15 1
194 is 15 1
105 is 18 1
143 is 18 1
145 is 18 1
149 is 18 1
151 is 18 1
158 is 18 1
166 is 18 1
203 is 18 1
132 is 21 1
134 is 21 1
136 is 21 1
110 is 21 1
133 is 24 1
138 is 24 1
125 is 27 1
119 is 29 1
131 is 30 1
124 is 30 1
115 is 30 1
122 is 30 1
114 is 30 1
126 is 33 1
120 is 33 1
118 is 34 1
123 is 36 1
113 is 36 1
91 is 39 1
100 is 39 1
97 is 42 1
109 is 42 1
104 is 42 1
95 is 42 1
129 is 48 1
88 is 48 1
89 is 48 1
101 is 48 1
106 is 48 1
112 is 48 1
116 is 48 1
87 is 51 1
94 is 51 1
107 is 51 1
121 is 51 1
98 is 54 1
102 is 54 1
117 is 54 1
86 is 57 1
92 is 57 1
111 is 60 1
99 is 63 1
96 is 63 1
84 is 66 1
108 is 72 1
103 is 75 1
82 is 75 1
90 is 78 1
93 is 78 1
85 is 87 1
83 is 90 1
81 is 96 1
79 is 96 1
80 is 99 1
77 is 103 1
76 is 111 1
75 is 123 1
78 is 126 1
70 is 147 1
71 is 147 1
73 is 153 1
74 is 162 1
72 is 172 1
67 is 204 1
64 is 217 1
68 is 222 1
69 is 222 1
66 is 232 1
63 is 240 1
61 is 264 1
62 is 264 1
60 is 270 1
65 is 288 1
59 is 297 1
58 is 303 1
57 is 306 1
56 is 309 1
55 is 375 1
54 is 400 1
53 is 405 1
52 is 456 1
51 is 492 1
49 is 585 1
48 is 672 1
50 is 675 1
47 is 807 1
46 is 984 1
45 is 1005 1
43 is 1203 1
44 is 1221 1
42 is 1314 1
41 is 1548 1
40 is 1594 1
39 is 1926 1
38 is 2154 1
37 is 2628 1
36 is 3045 1
35 is 4365 1
2 is 4544 1
1 is 4855 1
34 is 5163 1
3 is 5499 1
33 is 6273 1
4 is 6348 1
5 is 7251 1
32 is 7869 1
31 is 8772 1
6 is 8952 1
30 is 9603 1
29 is 9906 1
28 is 10557 1
27 is 11382 1
26 is 13050 1
7 is 13137 1
25 is 15645 1
24 is 21352 1
8 is 21567 1
23 is 31164 1
9 is 35367 1
22 is 43107 1
17 is 47918 1
18 is 48273 1
16 is 49110 1
0 is 50611 1
10 is 50856 1
19 is 54276 1
21 is 56331 1
20 is 60204 1
15 is 62442 1
11 is 63000 1
12 is 82917 1
14 is 86154 1
13 is 95055 1
CPU time: 0.010652 Encoded size: 0
Mismatch at location 0 original: 0x42 decoded: 0
